
02 37 33 30 32 30 30 32 43 03 
02 37 37 30 32 30 30 33 30 03 
02 41 33 30 32 30 30 33 36 03 
02 34 33 30 32 30 30 
32 39 03 
02 36 42 31 41 38 30 30 30 38 30 
20 30 34 37 20 30 47 44 59 4E 49 41 20 47 9D 
E0 57 4E 41 2D 44 38 03 02 30 33 30 32 38 
30 32 44 03 
02 34 37 30 32 30 30 32 44 03 
02 36 42 31 37 
38 30 31 32 38 30 20 30 34 37 20 30 2D 42 65 
72 6C 69 6E 20 48 62 66 44 37 03 02 30 33 
30 32 38 30 32 44 03 
02 36 46 30 32 30 30 33 45 03 
02 37 33 30 32 30 30 32 
43 03 
02 36 42 30 46 38 30 30 32 38 34 34 
38 35 37 20 30 31 38 32 45 37 03 02 30 
33 30 32 38 30 32 44 03 
02 37 37 30 32 30 30 33 30 03 
02 36 
42 31 41 38 30 30 30 38 30 20 30 34 37 20 30 
47 44 59 4E 49 41 20 47 9D E0 57 4E 41 2D 44 38 
03 02 30 33 30 32 38 30 32 44 03 
02 41 33 30 32 30 30 33 36 03 
02 36 42 31 37 38 
30 31 32 38 30 20 30 34 37 20 30 2D 42 65 72 6C 
69 6E 20 48 62 66 44 37 03 02 30 33 30 
32 38 30 32 44 03 
02 34 33 30 32 30 30 32 39 03 
02 34 37 30 32 30 30 32 44 03 
02 36 46 30 32 30 30 33 45 03 
02 37 33 30 32 30 30 
32 43 03 
02 37 37 30 32 30 30 33 30 03 
02 41 33 30 32 30 30 33 
36 03 
02 34 
33 30 32 30 30 32 39 03 
02 34 37 30 32 30 
30 32 44 03 
02 36 46 30 32 30 30 33 45 03 
02 37 33 30 32 30 
30 32 43 03 
02 37 37 30 32 30 30 33 30 
03 
02 41 33 30 32 
30 30 33 36 03 
02 34 
33 30 32 30 30 32 39 03 
02 34 37 30 32 30 30 32 44 03 
02 36 
46 30 32 30 30 33 45 03 
02 37 33 30 32 30 30 32 43 03 
02 37 
37 30 32 30 30 33 30 03 
02 41 33 30 32 30 30 33 36 03 
02 
34 33 30 32 30 30 32 39 03 
02 34 37 30 32 30 30 32 44 03 
02 
36 46 30 32 30 30 33 45 03 
02 37 33 30 32 30 30 32 43 03 
02 37 37 30 32 30 30 33 30 03 
02 41 33 30 32 30 30 33 36 03 
02 34 33 30 32 30 30 32 39 03 
02 34 37 30 32 30 30 32 44 03 
02 36 46 30 
32 30 30 33 45 03 
02 37 33 30 32 30 30 32 43 03 
02 37 37 30 32 30 30 33 30 03 
02 41 33 30 32 30 30 33 36 03 
02 34 33 30 32 30 30 32 39 03 
02 34 37 30 32 30 30 32 44 
03 
02 36 46 30 32 30 30 33 45 03 
02 37 33 
30 32 30 30 32 43 03 
02 37 37 30 32 30 30 33 30 03 
02 41 33 30 32 30 30 33 36 03 
02 34 33 30 32 30 30 32 39 
03 
02 34 37 30 32 30 30 32 44 03 
02 36 46 30 32 30 30 33 45 
03 
02 37 33 30 32 30 30 32 43 03 
02 37 37 30 32 30 30 33 30 03 
02 41 33 30 32 30 30 33 36 03 
02 34 33 30 32 30 30 32 
39 03 
02 43 33 30 34 35 
32 30 31 41 32 03 
02 43 33 30 34 35 32 30 
31 41 32 03 
02 43 33 30 34 35 32 30 31 
41 32 03 
02 34 37 30 32 30 30 32 44 03 
02 43 33 30 34 35 32 30 32 41 33 03 
02 43 33 30 34 35 32 30 32 41 33 03 
02 43 33 30 34 35 32 30 32 41 33 03 
02 36 46 
30 32 30 30 33 45 03 
02 37 33 30 32 30 30 32 43 03 
02 37 37 30 32 30 30 33 30 03 
02 41 33 30 32 30 30 33 36 03 
02 34 33 30 32 30 30 32 
39 03 
02 34 37 30 32 30 30 
32 44 03 
02 36 46 30 32 30 
30 33 45 03 
02 37 33 30 32 
30 30 32 43 03 
02 37 37 30 32 30 30 33 30 03 
02 41 33 
30 32 30 30 33 36 03 
02 
34 33 30 32 30 30 32 39 03 
02 34 37 30 32 30 30 32 44 03 
02 36 46 30 32 30 30 33 45 03 
02 37 33 30 32 30 30 32 43 03 
02 37 37 30 32 30 30 33 30 03 
02 41 33 30 32 
30 30 33 36 03 
02 34 33 30 32 30 30 32 39 03 
02 34 37 30 32 30 30 32 44 03 
02 36 46 30 32 30 30 33 45 03 
02 37 33 30 32 30 30 32 43 
03 
02 37 37 30 32 30 30 33 
30 03 
02 41 33 30 32 30 30 
33 36 03 
02 34 33 30 32 
30 30 32 39 03 
02 34 37 30 
32 30 30 32 44 03 
02 36 46 
30 32 30 30 33 45 03 
02 37 
33 30 32 30 30 32 43 03 
02 37 
37 30 32 30 30 33 30 03 
02 
41 33 30 32 30 30 33 36 03 
02 34 33 30 32 30 30 32 39 03 
02 34 37 30 32 30 
30 32 44 03 
02 36 46 30 32 30 30 33 45 03 
02 37 33 30 32 30 30 32 43 03 
02 37 37 30 32 30 30 33 30 03 
02 41 33 30 32 30 30 33 36 03 
02 34 33 30 32 30 30 
32 39 03 
02 34 37 30 32 30 30 32 44 03 
02 36 46 30 32 30 30 
33 45 03 
02 37 33 30 32 30 
30 32 43 03 
02 37 37 30 32 
30 30 33 30 03 
02 41 33 30 32 
30 30 33 36 03 
02 34 
33 30 32 30 30 32 39 03 
02 34 
37 30 32 30 30 32 44 03 
02 
36 46 30 32 30 30 33 45 03 
02 37 33 30 32 30 30 32 
43 03 
02 37 37 30 32 30 30 33 30 03 
02 41 33 30 32 30 30 33 36 03 
02 34 33 30 32 30 30 32 39 03 
02 34 37 30 32 30 30 32 44 03 
02 36 46 30 32 30 30 33 45 03 
02 37 
33 30 32 30 30 32 43 03 
02 37 37 30 32 30 30 33 30 
03 
02 41 33 30 32 30 30 33 
36 03 
02 34 33 30 32 30 
30 32 39 03 
02 34 37 30 32 
30 30 32 44 03 
02 36 46 30 
32 30 30 33 45 03 
02 37 33 30 
32 30 30 32 43 03 
02 37 37 
30 32 30 30 33 30 03 
02 41 
33 30 32 30 30 33 36 03 
02 34 33 30 32 30 30 32 
39 03 
02 34 37 30 32 30 30 
32 44 03 
02 36 46 30 32 
30 30 33 45 03 
02 37 33 30 
32 30 30 32 43 03 
02 37 37 
30 32 30 30 33 30 03 
02 41 
33 30 32 30 30 33 36 03 
02 34 33 30 32 30 30 32 39 03 
02 34 37 30 32 30 30 32 
44 03 
02 36 46 30 32 30 30 33 45 03 
02 37 33 30 32 30 30 32 43 03 
02 37 37 30 32 30 30 33 30 03 
02 41 33 30 32 30 30 33 36 03 
02 34 33 30 32 30 30 32 39 03 
02 34 37 30 32 30 30 32 44 03 
02 36 46 30 32 30 30 
33 45 03 
02 37 33 30 32 30 30 32 43 03 
02 37 37 30 32 30 30 33 30 03 
02 41 33 30 32 30 30 33 36 03 
02 34 33 30 32 30 30 32 39 03 
02 34 37 30 32 30 30 32 44 03 
02 36 46 30 32 30 30 33 45 
03 
02 37 33 30 32 30 30 32 
43 03 
02 37 37 30 32 30 30 33 
30 03 
02 41 33 30 32 30 30 33 36 03 
02 34 33 30 32 30 
30 32 39 03 
02 34 37 30 32 
30 30 32 44 03 
02 36 46 30 
32 30 30 33 45 03 
02 37 
33 30 32 30 30 32 43 03 
02 
37 37 30 32 30 30 33 30 03 
02 41 33 30 32 30 30 33 36 03 
02 34 33 30 32 30 
30 32 39 03 
02 34 37 30 32 
30 30 32 44 03 
02 36 46 30 
32 30 30 33 45 03 
02 37 33 
30 32 30 30 32 43 03 
02 36 42 30 43 38 30 30 30 38 32 
20 30 35 37 20 30 32 39 03 02 30 33 30 
32 38 30 32 44 03 
02 
37 37 30 32 30 30 33 30 03 
02 41 33 30 
32 30 30 33 36 03 
02 34 
33 30 32 30 30 32 39 03 
02 34 37 30 32 30 30 32 44 03 
02 36 
46 30 32 30 30 33 45 03 
02 37 33 30 32 30 
30 32 43 03 
02 37 37 30 32 30 30 33 30 03 
02 41 33 30 32 30 30 
33 36 03 
02 34 33 30 32 30 
30 32 39 03 
02 34 37 30 32 30 
30 32 44 03 
02 36 46 30 32 30 
30 33 45 03 
02 37 33 30 32 30 
30 32 43 03 
02 37 37 30 32 30 
30 33 30 03 
02 41 33 30 32 30 
30 33 36 03 
02 34 33 30 32 30 30 32 39 03 
02 34 37 30 32 30 30 32 44 03 
02 36 46 30 32 30 30 33 45 03 
02 37 33 30 32 30 30 32 43 03 
02 37 37 30 32 30 30 33 30 03 
02 41 33 30 32 30 
30 33 36 03 
02 34 33 30 32 30 30 32 39 03 
02 34 
37 30 32 30 30 32 44 03 
02 36 46 30 32 30 30 33 45 03 
02 37 33 30 32 30 30 32 43 03 
02 
37 37 30 32 30 30 33 30 03 
02 41 33 30 32 
30 30 33 36 03 
02 34 33 30 32 30 30 32 39 03 
02 34 37 30 32 30 30 32 44 
03 
02 43 33 30 34 35 32 30 31 41 32 03 
02 43 33 30 34 35 
32 30 31 41 32 03 
02 43 33 30 
34 35 32 30 31 41 32 03 
02 36 46 30 32 30 30 33 
45 03 
02 43 33 30 34 35 32 30 32 41 33 03 
02 43 33 30 34 35 32 30 32 41 33 03 
02 43 33 30 34 35 32 30 32 41 33 
03 
02 
37 33 30 32 30 30 32 43 03 
02 37 37 30 32 30 30 33 30 03 
02 
41 33 30 32 30 30 33 36 03 
02 34 33 30 32 30 30 32 39 03 
02 34 37 30 32 30 30 32 44 03 
02 36 46 30 32 30 30 33 45 03 
02 36 42 30 
46 38 30 30 32 38 34 34 38 35 37 20 30 31 38 32 
45 37 03 02 30 33 30 32 38 30 32 
44 03 
02 37 33 30 32 30 
30 32 43 03 
02 37 37 30 32 30 30 33 30 03 
02 36 42 
31 37 38 30 30 30 38 30 20 30 34 37 20 30 42 65 
72 6C 69 6E 20 48 62 66 2D 44 34 03 02 30 
33 30 32 38 30 32 44 03 
02 41 33 30 32 30 30 33 36 03 
02 36 42 31 42 38 30 31 
32 38 30 20 30 34 37 20 30 2D 57 41 52 53 5A 
41 57 41 20 57 73 63 68 2E 41 39 03 02 30 
33 30 32 38 30 32 44 03 
02 34 33 30 32 30 30 32 39 03 
02 34 37 30 32 30 30 32 44 03 
02 36 46 30 32 30 30 33 
45 03 
02 37 33 30 32 30 30 32 43 03 
02 37 37 30 32 30 30 
33 30 03 
02 41 33 
30 32 30 30 33 36 03 
02 34 33 30 32 
30 30 32 39 03 
02 34 37 30 32 
30 30 32 44 03 
02 
36 46 30 32 30 30 33 45 03 
02 37 33 30 32 
30 30 32 43 03 
02 
37 37 30 32 30 30 33 30 03 
02 41 
33 30 32 30 30 33 36 03 
02 34 33 30 
32 30 30 32 39 03 
02 34 37 30 32 30 30 32 44 03 
02 36 46 30 
32 30 30 33 45 03 
02 37 33 30 32 30 30 32 43 03 
02 37 37 30 32 30 30 33 30 03 
02 41 33 30 32 30 30 33 36 03 
02 34 33 30 32 30 30 
32 39 03 
02 34 37 
30 32 30 30 32 44 03 
02 36 46 30 32 30 
30 33 45 03 
02 37 
33 30 32 30 30 32 43 03 
02 37 37 30 
32 30 30 33 30 03 
02 
41 33 30 32 30 30 33 36 03 
02 34 33 30 32 30 30 32 39 03 
02 34 37 30 32 30 30 32 44 03 
02 
36 46 30 32 30 30 33 45 03 
02 37 33 30 32 30 30 
32 43 03 
02 37 37 30 32 30 
30 33 30 03 
02 41 
33 30 32 30 30 33 36 03 
02 34 
33 30 32 30 30 32 39 03 
02 34 37 30 
32 30 30 32 44 03 
02 36 46 30 32 30 30 33 45 03 
02 37 33 30 32 30 30 32 43 03 
02 37 37 30 32 30 30 33 30 03 
02 41 33 30 32 30 30 33 
36 03 
02 34 
33 30 32 30 30 32 39 03 
02 34 37 30 32 30 30 32 44 03 
02 36 46 30 32 30 30 33 45 03 
02 37 33 30 32 30 30 32 43 03 
02 37 37 
30 32 30 30 33 30 03 
02 41 33 30 32 30 30 33 36 03 
02 34 33 30 32 30 30 32 39 
03 
02 
34 37 30 32 30 30 32 44 03 
02 36 46 30 32 30 30 33 45 
03 
02 37 33 30 32 30 30 32 
43 03 
02 37 37 30 32 30 
30 33 30 03 
02 41 33 30 32 30 
30 33 36 03 
02 34 33 
30 32 30 30 32 39 03 
02 34 37 30 32 30 30 32 44 
03 
02 36 46 30 32 30 30 
33 45 03 
02 37 33 30 32 30 
30 32 43 03 
02 37 37 30 32 
30 30 33 30 03 
02 41 33 30 32 
30 30 33 36 03 
02 34 
33 30 32 30 30 32 39 03 
02 34 
37 30 32 30 30 32 44 03 
02 
36 46 30 32 30 30 33 45 03 
02 37 33 30 32 30 
30 32 43 03 
02 37 37 30 32 30 30 33 30 03 
02 41 33 30 32 30 
30 33 36 03 
02 34 33 30 32 30 30 32 39 03 
02 34 37 30 32 30 30 32 
44 03 
02 36 46 30 32 30 30 33 45 03 
02 37 33 30 
32 30 30 32 43 03 
02 37 37 30 32 30 30 33 30 03 
02 
41 33 30 32 30 30 33 36 03 
02 34 33 30 32 30 30 32 39 03 
02 34 37 30 32 30 30 32 44 03 
02 36 46 
30 32 30 30 33 45 03 
02 37 33 30 32 30 30 32 43 03 
02 
37 37 30 32 30 30 33 30 03 
02 41 33 30 32 30 30 33 36 03 
02 34 33 30 32 30 30 32 39 03 
02 34 37 30 32 30 30 32 44 03 
02 36 46 30 
32 30 30 33 45 03 
02 37 33 30 32 30 30 32 43 03 
02 37 
37 30 32 30 30 33 30 03 
02 41 33 30 
32 30 30 33 36 03 
02 34 33 30 32 
30 30 32 39 03 
02 
36 42 30 45 38 30 30 32 38 32 34 38 35 37 20 
30 38 32 42 33 03 02 30 33 30 32 38 
30 32 44 03 
02 34 37 30 32 30 30 32 44 03 
02 36 46 30 32 30 30 33 45 03 
02 37 33 30 32 
30 30 32 43 03 
02 37 37 30 32 30 30 33 
30 03 
02 41 
33 30 32 30 30 33 36 03 
02 34 33 30 
32 30 30 32 39 03 
02 34 37 30 32 30 30 
32 44 03 
02 36 
46 30 32 30 30 33 45 03 
02 37 33 30 32 30 
30 32 43 03 
02 37 37 30 32 30 30 33 30 03 
02 41 33 30 32 30 30 33 36 03 
02 34 33 30 32 30 30 32 39 03 
02 34 37 30 32 30 30 32 44 03 
02 36 46 30 32 30 30 33 45 03 
02 37 33 30 32 30 30 32 43 03 
02 37 37 30 32 30 30 33 30 03 
02 41 33 30 32 30 30 33 36 03 
02 34 33 30 32 30 30 32 39 03 
02 34 37 
30 32 30 30 32 44 03 
02 36 46 30 32 30 
30 33 45 03 
02 37 33 30 32 30 30 32 43 03 
02 37 
37 30 32 30 30 33 30 03 
02 41 33 30 32 30 
30 33 36 03 
02 
34 33 30 32 30 30 32 39 03 
02 34 37 30 
32 30 30 32 44 03 
02 36 46 30 32 30 30 33 45 03 
02 37 33 30 32 30 30 32 43 03 
02 43 33 30 34 35 32 30 31 41 32 03 
02 43 33 
30 34 35 32 30 31 41 32 03 
02 43 33 30 34 35 32 30 31 41 32 03 
02 37 
37 30 32 30 30 33 30 03 
02 43 33 30 34 
35 32 30 32 41 33 03 
02 43 33 30 34 35 32 30 32 
41 33 03 
02 43 33 30 34 35 32 30 32 41 33 03 
02 41 33 30 32 30 30 33 36 03 
02 34 33 30 32 30 30 32 39 03 
02 34 37 30 32 
30 30 32 44 03 
02 36 
46 30 32 30 30 33 45 03 
02 37 33 30 32 30 30 
32 43 03 
02 37 37 30 32 30 30 33 30 03 
02 
41 33 30 32 30 30 33 36 03 
02 34 33 30 32 30 30 32 39 03 
02 
34 37 30 32 30 30 32 44 03 
02 36 46 30 32 30 30 33 45 03 
02 37 33 30 32 30 30 32 43 03 
02 37 37 30 32 30 30 33 30 03 
02 41 33 30 32 30 30 33 36 03 
02 34 33 30 32 30 30 32 39 03 
02 34 37 30 32 30 30 32 44 03 
02 36 46 30 32 
30 30 33 45 03 
02 37 33 30 32 30 30 32 
43 03 
02 37 
37 30 32 30 30 33 30 03 
02 41 33 30 32 30 30 33 36 03 
02 34 33 30 32 30 30 32 39 03 
02 34 37 30 32 30 
30 32 44 03 
02 36 46 30 32 30 30 33 45 03 
02 37 33 30 32 30 30 32 
43 03 
02 37 
37 30 32 30 30 33 30 03 
02 41 33 30 32 30 30 33 36 03 
02 34 33 
30 32 30 30 32 39 03 
02 34 37 30 32 30 30 32 44 03 
02 36 46 30 32 30 
30 33 45 03 
02 37 33 30 32 30 30 32 43 03 
02 37 37 30 32 30 30 33 30 03 
02 41 33 
30 32 30 30 33 36 03 
02 34 33 30 32 30 30 32 39 03 
02 
36 42 31 37 38 30 30 30 38 30 20 30 34 37 20 
30 42 65 72 6C 69 6E 20 48 62 66 2D 44 34 03 
02 30 33 30 32 38 30 32 44 03 
02 34 37 30 
32 30 30 32 44 03 
02 36 42 31 42 
38 30 31 32 38 30 20 30 34 37 20 30 2D 57 41 
52 53 5A 41 57 41 20 57 73 63 68 2E 41 39 03 
02 30 33 30 32 38 30 32 44 03 
02 36 46 30 32 30 30 33 45 03 
02 37 33 30 32 30 30 32 43 03 
02 36 42 30 45 38 30 30 32 38 32 34 38 
35 37 20 30 38 32 42 33 03 02 30 33 30 
32 38 30 32 44 03 
02 37 37 30 32 30 30 33 30 03 
02 36 42 31 37 38 30 30 30 38 
30 20 30 34 37 20 30 42 65 72 6C 69 6E 20 48 
62 66 2D 44 34 03 02 30 33 30 32 38 
30 32 44 03 
02 
41 33 30 32 30 30 33 36 03 
02 36 42 31 42 38 30 31 32 38 30 
20 30 34 37 20 30 2D 57 41 52 53 5A 41 57 41 
20 57 73 63 68 2E 41 39 03 02 30 33 30 
32 38 30 32 44 03 
02 34 33 30 32 30 30 32 39 03 
02 34 37 30 32 30 
30 32 44 03 
02 36 46 30 32 30 30 33 
45 03 
02 37 
33 30 32 30 30 32 43 03 
02 37 37 30 32 30 30 33 30 03 
02 41 33 30 32 30 
30 33 36 03 
02 34 33 30 32 30 30 32 39 03 
02 34 37 30 32 30 30 32 44 
03 
02 36 
46 30 32 30 30 33 45 03 
02 37 33 30 32 30 30 32 43 03 
02 37 37 30 32 30 30 33 30 
03 
02 41 33 30 32 
30 30 33 36 03 
02 34 33 30 32 30 30 32 39 03 
02 34 37 30 32 30 30 
32 44 03 
02 36 
46 30 32 30 30 33 45 03 
02 37 33 30 32 30 30 32 43 03 
02 37 37 30 32 30 30 33 30 03 
02 41 33 30 32 30 30 33 
36 03 
02 34 33 30 32 30 30 32 39 
03 
02 34 37 30 32 30 
30 32 44 03 
02 36 46 30 32 30 30 33 45 03 
02 37 33 30 32 30 30 32 43 
03 
02 37 37 30 32 30 30 33 30 03 
02 41 33 30 32 30 30 33 36 03 
02 34 33 30 32 30 30 32 39 03 
02 34 37 30 32 30 
30 32 44 03 
02 
36 46 30 32 30 30 33 45 03 