02 34 33 30 32 30 30 32 39 03 
02 34 37 30 32 30 30 32 44 03 
02 36 42 30 32 30 30 33 41 03 02 30 33 30 41 30 30 54 4C 41 2D 32 2E 30 61 33 33 03 
02 36 46 30 32 30 30 33 45 03 02 30 33 30 41 30 30 54 4C 41 2D 32 2E 30 61 33 33 03 
02 37 33 30 32 30 30 32 43 03 
02 37 37 30 32 30 30 33 30 03 
02 41 33 30 32 30 30 33 36 03 
02 34 33 30 32 30 30 32 39 03 
02 34 37 30 32 30 30 32 44 03 
02 36 42 30 45 38 30 30 32 38 32 34 38 35 37 20 30 36 39 42 38 03 02 30 33 30 32 38 30 32 44 03 
02 36 46 30 45 38 30 30 32 38 32 34 38 35 37 20 30 36 39 42 43 03 02 30 33 30 32 38 30 32 44 03 
02 37 33 30 32 30 30 32 43 03 
02 36 42 31 42 38 30 30 30 38 30 20 30 34 37 20 30 57 41 52 53 5A 41 57 41 20 57 73 63 68 2E 2D 41 36 03 02 30 33 30 32 38 30 32 44 03 
02 37 37 30 32 30 30 33 30 03 
02 36 42 31 42 38 30 31 32 38 30 20 30 34 37 20 30 2D 9D E0 44 8D 20 46 61 62 72 79 63 7A 6E 61 36 34 03 02 30 33 30 32 38 30 32 44 03 
02 41 33 30 32 30 30 33 36 03 
02 36 46 31 35 38 30 30 30 38 30 20 30 34 37 20 30 54 4C 4B 20 31 39 31 33 34 32 41 03 02 30 33 30 32 38 30 32 44 03 02 34 33 30 32 30 30 32 39 03 
02 36 46 31 31 38 30 31 32 38 30 20 30 34 37 20 30 9D A8 43 4B 41 33 30 03 02 30 33 30 32 38 30 32 44 03 