02 34 37 30 32 30 30 32 44 03 
02 37 33 30 32 30 30 32 43 03 
02 37 37 30 32 30 30 33 30 03 
02 41 33 30 32 30 30 33 36 03 
02 34 33 30 32 30 30 32 39 03 
02 34 37 30 32 30 30 32 44 03 
02 36 46 31 36 38 30 30 30 38 30 20 30 32 43 20 30 30 39 2E 30 31 2E 32 30 32 34 31 36 03 02 30 33 30 32 38 30 32 44 03 02 37 33 30 32 30 30 32 43 03 
02 36 46 31 31 38 30 30 32 38 30 32 44 34 37 20 30 32 31 3A 34 33 34 35 03 02 30 33 30 32 38 30 32 44 03 
02 37 37 30 32 30 30 33 30 03 
02 36 46 31 31 38 30 31 30 38 30 20 30 34 37 20 30 2D 2D 20 FF 43 44 36 03 02 30 33 30 32 38 30 32 44 03 
02 41 33 30 32 30 30 33 36 03 
02 36 46 31 34 38 30 31 32 38 30 31 46 34 37 20 30 2D 2D 2D 20 6B 6D 2F 68 35 43 03 02 30 33 30 32 38 30 32 44 03 02 34 33 30 32 30 30 32 39 03 
02 34 37 30 32 30 30 32 44 03 
02 37 33 30 32 30 30 32 43 03 
02 37 37 30 32 30 30 33 30 03 
02 41 33 30 32 30 30 33 36 03 
02 34 33 30 32 30 30 32 39 03 
02 34 37 30 32 30 30 32 44 03 
02 36 46 31 34 38 30 31 32 38 30 31 46 34 37 20 30 2D 2D 2D 20 6B 6D 2F 68 35 43 03 02 30 33 30 32 38 
30 32 44 03 02 37 33 30 32 30 30 32 43 03 
02 37 37 30 32 30 30 33 30 03 
02 41 33 30 32 30 30 33 36 03 
02 34 33 30 32 30 30 32 39 03 
02 34 37 30 32 30 30 32 44 03 