02 34 33 30 32 30 30 32 39 03 
02 34 37 30 32 30 30 32 44 03 
02 36 42 30 32 30 30 33 41 03 02 30 33 30 41 30 30 54 4C 41 2D 32 2E 30 61 33 33 03 
02 36 46 30 32 30 30 33 45 03 02 30 33 30 41 30 30 54 4C 41 2D 32 2E 30 61 33 33 03 
02 37 33 30 32 30 30 32 43 03 
02 37 37 30 32 30 30 33 30 03 
02 41 33 30 32 30 30 33 36 03 
02 34 33 30 32 30 30 32 39 03 
02 34 37 30 32 30 30 32 44 03 
02 36 42 30 45 38 30 30 32 38 32 34 38 35 37 20 30 32 30 41 42 03 02 30 33 30 32 38 30 32 44 03 
02 36 46 30 45 38 30 30 32 38 32 34 38 35 37 20 30 32 30 41 46 03 02 30 33 30 32 38 30 32 44 03 
02 37 33 30 32 30 30 32 43 03 
02 36 42 31 42 38 30 30 30 38 30 20 30 34 37 20 30 57 41 52 53 5A 41 57 41 20 57 73 63 68 2E 2D 41 36 03 02 30 33 30 32 38 30 32 44 03 02 37 37 30 32 30 30 33 30 03 
02 36 42 31 39 38 30 31 32 38 30 20 30 34 37 20 30 2D 4A 65 6C 65 6E 69 61 20 47 A2 72 61 45 31 03 02 30 33 30 32 38 30 32 44 03 
02 41 33 30 32 30 30 33 36 03 
02 36 46 31 35 38 30 30 30 38 30 20 30 34 37 20 30 54 4C 4B 20 31 36 31 30 30 32 30 03 02 30 33 30 32 38 30 32 44 03 02 34 33 30 32 30 30 32 39 03 
02 36 46 31 36 38 30 31 32 38 30 20 30 34 37 20 30 4F 52 5A 45 53 5A 4B 4F 57 41 34 30 03 02 30 33 30 32 38 30 32 44 03 02 34 37 30 32 30 30 32 44 03 
02 37 33 30 32 30 30 32 43 03 
02 37 37 30 32 30 30 33 30 03 
02 41 33 30 32 30 30 33 36 03 
02 34 33 30 32 30 30 32 39 03 
02 
34 37 30 32 30 30 32 44 03 
02 37 33 30 32 30 30 32 43 03 
02 37 37 30 32 30 30 33 30 03 
02 41 33 30 32 30 30 33 36 03 
02 34 33 30 32 
30 30 32 39 03 
02 34 37 30 32 30 30 32 44 03 
02 37 33 30 32 30 30 32 43 03 
02 37 37 30 32 30 30 33 30 03 
02 41 33 30 32 30 30 33 36 03 
02 34 33 30 32 30 30 32 
39 03 
02 34 37 30 32 30 30 32 44 03 
02 37 33 30 32 30 30 32 43 03 
02 37 37 30 32 30 30 33 30 03 
02 41 33 30 32 30 30 33 36 03 
02 34 33 30 32 30 30 32 39 03 
02 34 37 30 32 30 30 32 44 03 
02 37 33 30 32 30 30 32 43 03 
02 37 37 30 32 30 30 33 30 03 
02 41 33 30 32 30 30 33 36 03 
02 34 33 30 32 
30 30 32 39 03 
02 34 37 30 
32 30 30 32 44 03 
02 37 33 30 
32 30 30 32 43 03 
02 37 37 
30 32 30 30 33 30 03 
02 41 33 30 32 30 30 33 36 03 
02 34 33 30 32 30 30 32 39 03 
02 34 37 30 32 30 30 32 44 03 
02 37 33 30 32 30 30 32 43 03 
02 37 37 30 32 30 30 33 30 03 
02 41 33 30 32 30 30 33 36 03 
02 34 33 30 32 30 30 32 39 03 
02 34 37 30 32 30 30 32 44 03 
02 37 33 30 32 30 30 32 43 03 
02 37 37 30 32 30 30 33 30 03 
02 41 33 30 32 30 30 33 36 03 
02 34 33 30 32 30 30 32 39 03 
02 34 37 30 32 30 30 32 44 03 
02 37 33 30 32 30 30 32 43 03 
02 37 37 30 32 30 30 33 30 03 
02 41 33 30 32 30 30 33 36 03 
02 34 33 30 32 30 30 32 39 
03 
02 34 37 30 32 30 30 32 44 03 
02 37 33 30 32 30 30 32 43 03 
02 37 37 30 32 30 30 33 30 03 
02 41 33 30 32 30 30 33 36 03 
02 34 33 30 32 30 30 32 39 03 
02 34 37 30 32 30 30 32 44 03 
02 36 46 31 36 38 30 30 30 38 30 20 30 32 43 20 30 30 39 2E 30 31 2E 32 30 32 35 31 37 03 02 30 33 30 32 38 30 32 44 03 02 37 33 30 32 30 30 32 43 03 
02 36 46 31 31 
38 30 30 32 38 30 32 44 34 37 20 30 32 31 3A 32 33 34 33 03 02 30 33 30 32 38 30 32 44 03 02 37 37 30 32 30 30 33 30 03 
02 36 46 31 31 38 
30 31 30 38 30 20 30 34 37 20 30 2D 2D 20 FF 43 44 36 03 02 30 33 30 32 38 30 32 44 03 02 41 33 30 32 30 30 33 36 03 
02 36 46 31 34 38 30 
31 32 38 30 31 46 34 37 20 30 2D 2D 2D 20 6B 6D 2F 68 35 43 03 02 30 33 30 32 38 30 32 44 03 02 34 33 30 32 30 30 32 39 03 
02 34 37 30 32 30 30 32 44 03 
02 37 33 30 32 30 30 32 43 03 
02 37 37 30 32 30 30 33 30 03 
02 41 33 30 32 30 30 33 36 03 
02 34 33 30 32 30 30 
32 39 03 
02 36 46 31 34 
38 30 31 32 38 30 31 46 34 37 20 30 2D 2D 2D 20 6B 6D 2F 68 35 43 03 02 30 33 30 32 38 30 32 44 03 
02 34 37 30 32 30 30 32 44 03 
02 37 33 30 32 30 30 32 43 03 
02 37 37 30 32 30 30 33 30 03 
02 41 33 30 32 30 30 33 36 03 
02 34 33 30 32 30 30 32 39 03 
02 34 37 30 32 30 30 32 44 03 
02 37 33 30 32 30 30 32 43 03 
02 37 37 30 32 30 30 33 
30 03 
02 41 33 30 32 30 30 33 36 03 
02 43 33 30 34 35 32 30 31 41 32 03 
02 43 33 30 34 35 32 30 31 41 32 03 
02 43 33 30 34 35 32 30 31 41 32 03 
02 34 33 30 32 30 30 32 39 03 
02 43 33 30 34 35 32 30 32 41 33 03 
02 43 33 30 34 35 32 30 32 41 33 03 
02 43 33 30 34 35 
32 30 32 41 33 03 
02 34 37 30 32 30 30 32 44 03 
02 36 46 31 34 38 30 31 32 38 30 31 46 34 37 20 30 2D 2D 2D 20 6B 6D 2F 68 35 43 03 02 30 33 30 32 38 30 32 44 03 
02 37 33 30 32 30 30 32 43 03 
02 37 37 30 32 30 30 33 30 03 
02 41 33 30 32 30 30 33 36 03 
02 34 33 30 32 30 30 32 39 03 
02 34 37 30 32 30 30 32 44 03 
02 37 33 30 32 30 30 32 43 03 
02 37 37 30 32 30 30 33 30 03 
02 36 46 31 34 38 30 31 32 38 30 31 46 34 37 20 30 2D 2D 2D 20 6B 6D 2F 68 35 43 03 02 30 33 30 32 38 30 32 44 03 
02 41 33 30 32 30 30 33 36 03 
02 34 33 30 32 30 30 32 39 03 
02 34 37 30 32 30 30 32 44 03 
02 37 33 30 32 30 30 32 43 03 
02 37 37 30 32 30 30 33 30 03 
02 41 33 30 32 30 30 33 36 03 
02 34 33 30 32 30 30 
32 39 03 
02 34 37 30 32 30 30 32 44 03 
02 37 33 30 32 30 30 32 43 03 
02 37 37 30 32 30 30 33 30 03 
02 41 33 30 32 30 30 33 36 03 
02 34 33 30 32 30 30 32 39 03 
02 34 37 30 32 30 30 32 44 03 
02 36 46 31 34 38 30 31 32 38 30 31 46 34 37 20 30 2D 2D 2D 20 6B 6D 2F 68 35 43 03 02 30 33 30 32 38 30 32 44 03 
02 37 33 30 32 30 30 32 43 03 
02 37 37 30 32 30 30 33 30 03 
02 41 33 30 32 30 30 33 36 03 
02 34 33 30 32 30 30 32 39 03 
02 34 37 30 32 30 30 32 44 03 
02 37 33 30 32 30 30 32 43 03 
02 37 37 30 32 30 30 33 30 03 
02 41 33 30 32 30 30 33 36 03 
02 34 33 30 32 30 30 32 39 03 
02 34 37 30 32 30 30 32 44 03 
02 37 33 30 32 30 30 32 43 03 
02 37 37 30 32 30 30 33 30 03 
02 41 33 
30 32 30 30 33 36 03 
02 36 
46 31 34 38 30 31 32 38 30 31 46 34 37 20 30 2D 2D 2D 20 6B 6D 2F 68 35 43 03 02 30 33 30 32 38 30 32 44 03 
02 34 33 30 32 30 30 32 39 03 
02 34 37 30 32 30 30 32 44 03 
02 37 33 30 32 30 30 32 43 03 
02 37 37 30 32 30 30 33 30 03 
02 41 33 30 32 30 30 33 36 03 
02 34 33 30 32 30 30 32 39 03 
02 36 42 31 42 38 30 30 30 38 30 20 30 34 37 20 30 57 41 52 53 5A 41 57 41 20 57 73 63 68 2E 2D 41 36 03 02 30 33 30 32 38 30 32 44 03 
02 34 37 30 32 30 30 32 44 03 
02 36 42 31 39 38 30 31 32 38 30 20 30 34 37 20 30 2D 4A 65 6C 65 6E 69 61 20 47 A2 72 61 45 31 03 02 30 33 30 32 38 30 32 44 03 
02 37 33 30 32 30 30 32 43 03 
02 37 37 30 32 30 30 33 30 03 
02 36 42 30 45 38 30 30 32 38 32 34 38 35 37 20 30 32 30 41 42 03 02 30 33 30 32 38 30 32 44 03 
02 36 46 30 45 38 30 30 32 38 32 34 38 35 37 20 30 32 30 41 46 03 02 30 33 30 32 38 30 32 44 03 
02 41 33 30 32 30 30 33 36 03 
02 36 42 31 42 38 30 30 30 38 30 20 30 34 37 20 30 57 41 52 53 5A 41 57 41 20 57 73 63 68 2E 2D 41 36 03 02 30 33 30 32 38 30 32 44 03 
02 34 33 30 32 30 30 32 39 03 
02 36 42 31 39 38 30 31 32 38 30 20 30 34 37 20 30 2D 4A 65 6C 65 6E 69 61 20 47 A2 72 61 45 31 03 02 30 33 30 32 38 30 32 44 03 
02 34 37 30 32 30 30 32 44 03 
02 36 
46 31 35 38 30 30 30 38 30 20 30 34 37 20 30 54 4C 4B 20 31 36 31 30 30 32 30 03 02 30 33 30 32 38 30 32 44 03 
02 37 33 30 32 30 30 32 43 03 
02 36 46 31 36 38 30 31 32 38 30 20 30 34 37 20 30 4F 52 5A 45 53 5A 4B 4F 57 41 34 30 03 02 30 33 30 32 38 30 32 44 03 
02 37 37 30 32 30 30 33 30 03 
02 41 33 30 32 30 30 33 36 03 
02 34 33 30 32 30 30 32 39 03 
02 34 37 30 32 30 30 32 44 03 
02 37 33 30 32 30 30 32 43 03 
02 37 37 30 32 30 30 33 30 03 
02 41 33 30 32 30 30 33 36 03 
02 34 33 30 32 30 30 32 39 03 
02 34 37 30 32 30 30 32 44 03 
02 37 33 30 32 30 30 32 43 03 
02 37 37 30 32 30 30 33 30 03 
02 41 33 30 32 30 30 33 36 03 
02 34 33 30 32 30 30 32 39 03 
02 34 37 30 32 30 30 32 44 03 
02 37 33 30 32 30 30 32 43 03 
02 37 37 30 32 30 30 33 30 03 
02 41 33 30 32 30 30 33 36 03 
02 34 33 30 32 30 30 32 39 03 
02 34 37 30 32 30 30 32 44 03 
02 37 33 30 32 30 30 32 43 03 
02 37 37 30 32 30 30 33 30 03 
02 41 33 30 32 30 30 33 36 03 
02 34 33 30 32 30 30 32 39 03 
02 34 37 30 32 30 30 32 44 03 
02 
37 33 30 32 30 30 32 43 03 
02 37 37 30 32 30 30 33 30 03 
02 41 33 30 32 30 30 33 36 03 
02 34 33 30 32 30 30 32 39 03 
02 34 37 30 32 30 30 32 44 03 
02 37 33 30 32 30 30 32 43 03 
02 37 37 30 32 30 30 33 30 03 
02 41 33 30 32 30 30 33 36 03 
02 34 
33 30 32 30 30 32 39 03 
02 34 37 30 32 30 30 32 44 03 
02 37 33 30 32 30 30 32 43 03 
02 37 37 30 32 30 30 33 30 03 
02 41 33 30 32 30 30 33 36 03 
02 34 33 30 32 30 30 32 39 03 
02 34 37 30 32 30 30 32 44 03 
02 37 33 30 32 30 30 32 43 03 
02 37 37 30 32 30 30 33 30 03 
02 41 33 30 32 30 30 33 36 03 
02 34 33 30 32 30 30 32 39 03 
